// AUTO-GENERATED dev test vector (throwaway — regenerate after the ceremony).
// Real proof of zakat_eligibility.circom; public signals
// [nullifier, nisab, currentTime, campaignId, cycleId].

const TV_VK_IC: [[u8; 64]; 6] = [
    [5, 201, 199, 31, 96, 251, 122, 158, 166, 199, 210, 32, 203, 250, 156, 186, 130, 20, 34, 134, 209, 96, 125, 43, 36, 222, 48, 45, 162, 168, 37, 158, 4, 225, 147, 107, 39, 202, 63, 219, 205, 231, 45, 33, 41, 81, 246, 241, 181, 67, 2, 224, 95, 73, 219, 30, 237, 119, 202, 119, 206, 24, 40, 150],
    [44, 75, 237, 78, 189, 168, 88, 65, 90, 60, 129, 22, 94, 251, 164, 217, 208, 46, 57, 200, 209, 188, 221, 128, 239, 208, 246, 73, 167, 168, 107, 69, 20, 191, 98, 112, 84, 71, 213, 53, 211, 171, 19, 66, 56, 198, 229, 182, 44, 100, 78, 164, 157, 214, 172, 195, 108, 123, 230, 58, 217, 247, 65, 90],
    [38, 152, 246, 130, 7, 98, 209, 243, 135, 222, 233, 217, 100, 249, 59, 131, 63, 132, 105, 167, 12, 192, 162, 61, 147, 188, 196, 235, 140, 182, 159, 42, 16, 78, 247, 166, 247, 19, 176, 12, 147, 73, 84, 222, 164, 76, 104, 91, 167, 23, 21, 133, 204, 90, 62, 86, 227, 167, 148, 113, 139, 194, 245, 157],
    [25, 22, 53, 65, 219, 111, 93, 253, 18, 124, 209, 90, 184, 154, 86, 248, 162, 218, 92, 39, 45, 146, 208, 67, 106, 252, 217, 55, 252, 218, 21, 189, 22, 89, 16, 151, 171, 76, 134, 234, 210, 23, 50, 60, 118, 240, 195, 96, 95, 96, 154, 115, 18, 118, 49, 2, 161, 119, 46, 4, 159, 212, 254, 38],
    [14, 216, 202, 1, 66, 75, 209, 249, 216, 248, 247, 93, 49, 245, 192, 190, 116, 127, 251, 239, 218, 158, 30, 158, 138, 198, 61, 253, 82, 189, 250, 246, 7, 177, 170, 219, 227, 91, 26, 239, 56, 247, 71, 148, 231, 108, 107, 98, 1, 193, 91, 241, 111, 142, 108, 134, 169, 6, 137, 40, 31, 251, 96, 142],
    [34, 124, 48, 130, 224, 149, 37, 85, 191, 130, 211, 160, 8, 157, 195, 159, 104, 150, 202, 196, 155, 142, 103, 87, 223, 199, 41, 59, 55, 149, 207, 60, 7, 89, 220, 138, 155, 177, 0, 138, 194, 213, 218, 219, 221, 175, 151, 16, 45, 6, 59, 199, 164, 64, 70, 172, 142, 34, 12, 26, 161, 243, 97, 154],
];
const TV_VK: Groth16Verifyingkey = Groth16Verifyingkey {
    nr_pubinputs: 6,
    vk_alpha_g1: [27, 92, 204, 219, 121, 140, 16, 238, 27, 224, 30, 39, 247, 171, 128, 59, 1, 120, 113, 215, 112, 199, 208, 131, 152, 3, 171, 95, 82, 40, 17, 250, 1, 176, 244, 70, 96, 26, 180, 124, 138, 114, 215, 51, 212, 175, 98, 193, 141, 77, 125, 3, 235, 195, 113, 245, 181, 3, 91, 61, 142, 161, 253, 98],
    vk_beta_g2: [47, 215, 228, 140, 230, 200, 231, 130, 213, 126, 198, 83, 138, 95, 209, 220, 69, 145, 251, 214, 189, 35, 196, 83, 94, 65, 143, 146, 149, 14, 38, 225, 7, 56, 45, 48, 170, 42, 223, 83, 209, 119, 222, 130, 239, 15, 150, 212, 89, 151, 26, 38, 100, 171, 214, 119, 135, 206, 107, 111, 123, 125, 73, 236, 25, 222, 245, 84, 30, 191, 149, 196, 57, 212, 178, 84, 91, 5, 76, 235, 122, 28, 57, 122, 203, 76, 232, 167, 248, 222, 141, 51, 18, 98, 202, 104, 40, 37, 108, 45, 88, 59, 170, 125, 75, 152, 190, 112, 254, 175, 97, 139, 27, 234, 156, 127, 236, 130, 254, 59, 6, 32, 157, 183, 78, 169, 222, 94],
    vk_gamme_g2: [25, 142, 147, 147, 146, 13, 72, 58, 114, 96, 191, 183, 49, 251, 93, 37, 241, 170, 73, 51, 53, 169, 231, 18, 151, 228, 133, 183, 174, 243, 18, 194, 24, 0, 222, 239, 18, 31, 30, 118, 66, 106, 0, 102, 94, 92, 68, 121, 103, 67, 34, 212, 247, 94, 218, 221, 70, 222, 189, 92, 217, 146, 246, 237, 9, 6, 137, 208, 88, 95, 240, 117, 236, 158, 153, 173, 105, 12, 51, 149, 188, 75, 49, 51, 112, 179, 142, 243, 85, 172, 218, 220, 209, 34, 151, 91, 18, 200, 94, 165, 219, 140, 109, 235, 74, 171, 113, 128, 141, 203, 64, 143, 227, 209, 231, 105, 12, 67, 211, 123, 76, 230, 204, 1, 102, 250, 125, 170],
    vk_delta_g2: [28, 106, 201, 173, 251, 107, 169, 215, 212, 43, 231, 9, 21, 76, 50, 183, 31, 254, 85, 27, 119, 209, 4, 38, 50, 188, 227, 91, 47, 62, 16, 233, 41, 216, 239, 155, 37, 75, 86, 79, 209, 222, 31, 120, 206, 99, 254, 232, 47, 4, 40, 96, 37, 5, 207, 225, 116, 180, 96, 189, 148, 204, 122, 203, 28, 12, 117, 64, 245, 162, 22, 57, 49, 55, 193, 240, 159, 58, 127, 65, 219, 15, 11, 63, 158, 154, 57, 26, 30, 129, 32, 196, 62, 91, 135, 31, 0, 217, 41, 241, 68, 98, 47, 50, 206, 111, 78, 74, 72, 243, 28, 75, 248, 240, 56, 185, 119, 87, 107, 89, 211, 5, 142, 213, 214, 239, 80, 177],
    vk_ic: &TV_VK_IC,
};
const TV_PROOF: [u8; 256] = [12, 7, 208, 4, 228, 60, 106, 190, 60, 23, 216, 255, 148, 62, 104, 221, 150, 245, 197, 130, 94, 15, 84, 235, 94, 234, 231, 61, 233, 130, 89, 93, 25, 4, 211, 134, 82, 33, 78, 65, 145, 73, 47, 55, 17, 30, 129, 100, 32, 98, 107, 245, 20, 33, 7, 12, 115, 3, 90, 162, 40, 59, 82, 210, 23, 147, 229, 119, 234, 229, 220, 44, 198, 234, 136, 104, 127, 38, 166, 77, 243, 171, 181, 207, 104, 243, 229, 98, 185, 243, 26, 243, 50, 6, 169, 36, 25, 121, 84, 243, 79, 195, 101, 30, 66, 202, 117, 1, 244, 154, 98, 215, 132, 204, 55, 208, 229, 97, 198, 174, 81, 217, 254, 150, 149, 164, 137, 163, 27, 55, 28, 148, 153, 223, 196, 63, 0, 127, 232, 106, 231, 71, 132, 228, 28, 58, 125, 226, 67, 80, 120, 153, 218, 42, 163, 56, 182, 89, 143, 192, 32, 155, 151, 3, 24, 162, 167, 146, 115, 210, 184, 52, 12, 153, 175, 112, 122, 58, 247, 226, 249, 243, 42, 77, 179, 121, 235, 164, 138, 103, 234, 21, 44, 19, 133, 122, 227, 193, 119, 93, 53, 21, 66, 111, 115, 134, 185, 72, 29, 95, 181, 185, 254, 203, 255, 93, 116, 148, 134, 174, 214, 17, 12, 74, 34, 6, 193, 30, 242, 239, 214, 197, 1, 217, 16, 209, 144, 158, 37, 247, 111, 28, 34, 79, 56, 142, 249, 136, 187, 50, 154, 109, 187, 23, 199, 175];
const TV_SIGNALS: [[u8; 32]; 5] = [
    [39, 130, 131, 20, 13, 19, 25, 86, 228, 35, 158, 46, 183, 212, 113, 210, 43, 26, 144, 73, 127, 96, 5, 191, 146, 104, 2, 199, 159, 178, 163, 21],
    [0, 0, 0, 0, 0, 0, 0, 0, 0, 0, 0, 0, 0, 0, 0, 0, 0, 0, 0, 0, 0, 0, 0, 0, 0, 0, 0, 0, 5, 16, 255, 64],
    [0, 0, 0, 0, 0, 0, 0, 0, 0, 0, 0, 0, 0, 0, 0, 0, 0, 0, 0, 0, 0, 0, 0, 0, 0, 0, 0, 0, 104, 78, 225, 128],
    [0, 0, 0, 0, 0, 0, 0, 0, 0, 0, 0, 0, 0, 0, 0, 0, 0, 0, 0, 1, 142, 233, 15, 246, 195, 115, 224, 238, 78, 63, 10, 210],
    [0, 0, 0, 0, 0, 0, 0, 0, 0, 0, 0, 0, 0, 0, 0, 0, 0, 0, 0, 0, 0, 0, 0, 0, 0, 0, 0, 0, 0, 0, 0, 1],
];
